# timestamp tx ty tz qx qy qz qw (Final BA)
0.000000 0.000000 0.000000 0.000000 0.000000 0.000000 0.000000 1.000000
0.100000 -0.020381 -0.517525 0.855425 -0.002037 -0.006402 0.009234 0.999935
0.200000 0.558832 -0.985012 1.523234 -0.005946 -0.012694 0.018797 0.999725
0.300000 1.463715 -1.075943 1.939069 -0.008971 -0.022943 0.030576 0.999229
0.400000 2.369640 -1.086451 2.362376 -0.011406 -0.030617 0.042485 0.998563
0.500000 3.319223 -1.019475 2.668652 -0.013836 -0.037664 0.055027 0.997678
0.600000 4.215692 -0.797743 3.052292 -0.015764 -0.045032 0.068945 0.996479
0.700000 5.108806 -0.623774 3.467120 -0.018147 -0.053651 0.081776 0.995040
0.800000 6.009188 -0.300970 3.758854 -0.020647 -0.060858 0.095423 0.993360
0.900000 6.770761 0.075244 4.286557 -0.022910 -0.068477 0.108612 0.991458
1.000000 7.646211 0.544002 4.404255 -0.025332 -0.074902 0.120664 0.989539
1.200000 8.029637 0.486350 3.482485 -0.028310 -0.078880 0.132309 0.987659
2.100000 7.959363 0.970667 4.354550 -0.027734 -0.076554 0.127875 0.988442
2.200000 7.493829 0.540119 3.581306 -0.027454 -0.073826 0.119306 0.989728
2.300000 8.062361 1.055240 4.222728 -0.026244 -0.070695 0.109003 0.991177
2.400000 8.491314 1.516578 4.999366 -0.024500 -0.066095 0.097311 0.992755
2.500000 9.025424 2.115622 5.595917 -0.021880 -0.061291 0.084043 0.994335
2.600000 9.671548 2.490387 6.260805 -0.020036 -0.055665 0.069072 0.995856
2.700000 10.250065 2.809156 7.011607 -0.017790 -0.049488 0.053594 0.997177
2.800000 10.858955 3.086961 7.754626 -0.014747 -0.042432 0.036241 0.998333
2.900000 11.468142 3.267620 8.526801 -0.011494 -0.035430 0.018484 0.999135
3.000000 12.043081 3.508564 9.308716 -0.006925 -0.029413 0.001676 0.999542
3.100000 12.577191 3.479040 10.153615 -0.003237 -0.022611 -0.015812 0.999614
3.200000 12.937475 3.294000 11.067921 0.000228 -0.014513 -0.033913 0.999319
3.300000 13.349929 3.103018 11.958655 0.004286 -0.008357 -0.050815 0.998664
3.400000 13.633734 2.892452 12.894132 0.009167 -0.001420 -0.066563 0.997739
3.500000 13.978081 2.528970 13.759757 0.012952 0.004535 -0.081635 0.996568
3.600000 14.219410 2.133873 14.646131 0.016676 0.010515 -0.094293 0.995349
3.700000 14.467100 1.619206 15.466964 0.019151 0.014974 -0.106294 0.994038
3.800000 14.465358 1.186807 16.368644 0.022846 0.020985 -0.115089 0.992871
3.900000 14.669779 0.716230 17.226997 0.026389 0.023581 -0.123387 0.991727
4.000000 14.867433 0.208501 18.065535 0.030203 0.023992 -0.131009 0.990631
4.100000 15.171448 -0.172518 18.938689 0.034677 0.023683 -0.133797 0.990119
4.200000 15.395937 -0.653991 19.785913 0.037984 0.022984 -0.134524 0.989915
4.300000 15.571875 -1.095354 20.665825 0.041217 0.021786 -0.132970 0.990023
4.400000 15.691706 -1.480990 21.580661 0.042908 0.018897 -0.129249 0.990503
4.500000 15.641296 -1.736340 22.546195 0.044737 0.015706 -0.123398 0.991224
4.600000 15.558845 -1.929432 23.523905 0.045428 0.009377 -0.115017 0.992280
4.700000 15.290884 -2.114501 24.469392 0.045962 0.004952 -0.106482 0.993239
4.800000 15.186934 -2.261967 25.452982 0.046912 -0.004039 -0.095049 0.994358
4.900000 14.904577 -2.386989 26.404110 0.047655 -0.011109 -0.083563 0.995300
5.000000 14.610407 -2.594559 27.337051 0.047204 -0.019479 -0.070886 0.996176
5.100000 14.378912 -2.887609 28.264699 0.045645 -0.029093 -0.057873 0.996855
5.200000 14.107125 -3.116641 29.199406 0.044498 -0.038529 -0.043730 0.997308
5.300000 13.825719 -3.334107 30.134028 0.042869 -0.048338 -0.028528 0.997503
5.400000 13.594339 -3.520840 31.088803 0.041161 -0.059152 -0.012783 0.997318
5.500000 13.369870 -3.732679 32.039980 0.039266 -0.069227 0.002669 0.996824
5.600000 13.354196 -3.915162 33.023064 0.037043 -0.082406 0.017521 0.995756
5.700000 13.367457 -4.038178 34.015380 0.033610 -0.093741 0.032296 0.994505
5.800000 13.503085 -4.005179 35.005590 0.030508 -0.107071 0.048075 0.992620
5.900000 13.683484 -3.944159 35.987289 0.026181 -0.119620 0.062092 0.990530
6.000000 13.911306 -3.823403 36.953475 0.020425 -0.133537 0.076514 0.987875
6.100000 14.005067 -3.587473 37.920711 0.015269 -0.146253 0.088916 0.985125
6.200000 13.902601 -3.268923 38.863062 0.010307 -0.157544 0.099454 0.982437
6.300000 13.637405 -2.913171 39.759228 0.005395 -0.170690 0.110424 0.979103
6.400000 13.138191 -2.579105 40.558718 -0.000062 -0.182970 0.120095 0.975756
6.500000 12.520928 -2.272169 41.283133 -0.002678 -0.195887 0.122485 0.972943
6.600000 11.831537 -1.978959 41.945528 -0.005595 -0.207735 0.123167 0.970384
6.700000 11.103706 -1.745647 42.590375 -0.009341 -0.218359 0.122359 0.968122
6.800000 10.364994 -1.626186 43.253726 -0.015470 -0.229358 0.122461 0.965484
6.900000 9.737339 -1.493653 44.020853 -0.019921 -0.243278 0.122205 0.962021
7.000000 9.101081 -1.457106 44.791463 -0.025262 -0.253178 0.120521 0.959551
7.100000 8.558209 -1.457686 45.631278 -0.030454 -0.262662 0.119837 0.956933
7.200000 7.987891 -1.460435 46.452698 -0.035875 -0.268757 0.119816 0.955053
7.300000 7.442103 -1.532855 47.287486 -0.043788 -0.275252 0.119254 0.952941
7.400000 6.919392 -1.485246 48.138665 -0.048645 -0.282518 0.118576 0.950661
7.500000 6.344790 -1.542645 48.955083 -0.055210 -0.288618 0.115565 0.948840
7.600000 5.669541 -1.526436 49.692494 -0.061514 -0.292232 0.112483 0.947715
7.700000 4.922590 -1.416422 50.348208 -0.067196 -0.294359 0.110497 0.946904
7.800000 4.162145 -1.355238 50.994722 -0.074207 -0.295853 0.108084 0.946193
7.900000 3.322336 -1.227867 51.522450 -0.080346 -0.296364 0.106001 0.945768
8.000000 2.418564 -1.213409 51.950220 -0.088181 -0.295230 0.103195 0.945735
8.100000 1.486858 -1.158361 52.309239 -0.091475 -0.293471 0.090146 0.947302
8.200000 0.524473 -1.185687 52.579550 -0.094396 -0.290483 0.074272 0.949312
8.300000 -0.459901 -1.200286 52.755032 -0.096588 -0.286809 0.057811 0.951351
8.400000 -1.429745 -1.140019 52.991193 -0.097095 -0.283064 0.040849 0.953299
8.500000 -2.417686 -1.109487 53.142983 -0.099134 -0.277392 0.023665 0.955336
8.600000 -3.417347 -1.130950 53.128260 -0.101639 -0.268938 0.004940 0.957767
8.700000 -4.413147 -1.039398 53.129407 -0.101986 -0.260410 -0.014881 0.959981
8.800000 -5.398782 -0.874537 53.092734 -0.101185 -0.249532 -0.034569 0.962445
8.900000 -6.374858 -0.692131 53.211071 -0.101595 -0.241334 -0.055545 0.963510
9.000000 -7.347595 -0.460299 53.205064 -0.100554 -0.230833 -0.077590 0.964668
9.100000 -8.294139 -0.145216 53.274174 -0.099410 -0.221691 -0.098345 0.965038
9.200000 -9.185696 0.266102 53.463764 -0.097888 -0.212037 -0.120175 0.964892
9.300000 -9.953677 0.773526 53.854565 -0.095786 -0.201782 -0.140628 0.964538
9.400000 -10.707531 1.343855 54.180800 -0.093561 -0.188807 -0.160380 0.964301
9.500000 -11.186266 1.961170 54.805087 -0.092027 -0.178807 -0.180669 0.962766
9.600000 -11.734794 2.743013 55.101462 -0.089542 -0.167674 -0.202179 0.960725
9.700000 -12.125598 3.441421 55.701044 -0.087984 -0.157710 -0.221043 0.958398
9.800000 -12.488299 4.225992 56.203932 -0.085341 -0.147216 -0.239260 0.955928
9.900000 -12.769708 4.954697 56.828271 -0.083600 -0.137898 -0.256058 0.953116
10.000000 -12.923866 5.638361 57.541600 -0.081878 -0.130493 -0.272380 0.949777
10.100000 -13.056556 6.436878 58.128765 -0.079923 -0.123231 -0.288041 0.946287
10.200000 -13.141171 7.160296 58.813972 -0.078206 -0.116733 -0.301989 0.942900
10.300000 -13.247554 8.055005 59.247766 -0.074587 -0.109463 -0.314664 0.939916
10.400000 -13.248497 8.647542 60.053309 -0.073917 -0.103580 -0.325843 0.936821
10.500000 -13.244593 9.518498 60.544654 -0.069951 -0.097943 -0.336190 0.934072
10.600000 -13.189619 10.244131 61.230537 -0.068289 -0.093595 -0.344728 0.931525
10.700000 -13.197048 10.938274 61.950335 -0.066347 -0.088351 -0.353853 0.928752
10.800000 -13.043579 11.690190 62.591482 -0.063515 -0.086483 -0.362046 0.925964
10.900000 -12.916745 12.485772 63.183904 -0.060315 -0.084678 -0.369274 0.923487
11.000000 -12.776328 13.258625 63.802759 -0.057417 -0.082635 -0.373970 0.921966
11.100000 -12.656701 14.044822 64.409045 -0.055490 -0.080905 -0.378300 0.920469
11.200000 -12.547986 14.757119 65.102453 -0.054745 -0.079357 -0.381926 0.919151
11.300000 -12.444090 15.404658 65.857369 -0.053784 -0.078248 -0.383661 0.918580
11.400000 -12.297240 16.090630 66.570024 -0.052722 -0.077332 -0.385373 0.918002
11.500000 -12.157455 16.667591 67.374745 -0.052761 -0.077059 -0.386714 0.917459
11.600000 -12.077754 17.314870 68.132820 -0.053272 -0.075193 -0.387306 0.917334
11.700000 -11.979169 18.055563 68.797392 -0.052787 -0.073664 -0.386714 0.917736
11.800000 -11.755401 18.615255 69.595309 -0.054517 -0.075330 -0.387136 0.917322
11.900000 -11.695707 19.275624 70.343875 -0.054099 -0.073623 -0.386705 0.917667
12.000000 -11.503642 19.871824 71.123398 -0.054923 -0.074063 -0.387239 0.917357
12.100000 -11.287387 20.350148 71.974538 -0.055054 -0.075900 -0.385452 0.917951
12.200000 -11.070864 20.932158 72.758363 -0.055624 -0.077660 -0.385533 0.917736
12.300000 -10.782727 21.529132 73.507095 -0.055110 -0.080360 -0.386169 0.917267
12.400000 -10.551357 22.127984 74.273805 -0.054367 -0.081698 -0.385952 0.917285
12.500000 -10.285108 22.525707 75.151830 -0.054957 -0.084312 -0.384292 0.917710
12.600000 -10.012038 23.043903 75.962327 -0.054283 -0.086020 -0.383260 0.918023
12.700000 -9.668354 23.523358 76.769795 -0.053252 -0.087881 -0.383032 0.918002
12.800000 -9.317657 23.992930 77.580050 -0.052431 -0.089742 -0.381995 0.918301
12.900000 -8.889488 24.367229 78.402590 -0.051823 -0.092119 -0.380513 0.918716
13.000000 -8.579664 24.659325 79.307404 -0.052387 -0.092403 -0.379622 0.919024
13.100000 -8.224292 24.921969 80.204471 -0.052454 -0.093838 -0.379693 0.918845
13.200000 -7.864938 25.192150 81.097705 -0.052442 -0.094833 -0.379229 0.918935
13.300000 -7.461443 25.379135 81.993377 -0.052084 -0.096981 -0.379542 0.918602
13.400000 -7.036273 25.659674 82.853917 -0.051339 -0.098662 -0.377814 0.919177
13.500000 -6.598278 25.867164 83.728622 -0.051323 -0.100327 -0.376529 0.919525
13.600000 -6.127518 26.069417 84.587387 -0.051402 -0.102133 -0.374935 0.919973
13.700000 -5.749110 26.316173 85.479530 -0.051189 -0.102843 -0.375386 0.919722
13.800000 -5.336173 26.551333 86.359407 -0.050482 -0.103660 -0.375463 0.919638
13.900000 -4.899514 26.795335 87.225312 -0.050138 -0.103893 -0.374274 0.920115
14.000000 -4.502390 27.010381 88.117527 -0.050374 -0.103421 -0.375809 0.919529
14.100000 -4.090770 27.182764 89.012431 -0.051599 -0.103175 -0.377120 0.918952
14.200000 -3.676124 27.422853 89.890170 -0.051733 -0.102350 -0.376500 0.919291
14.300000 -3.276437 27.664347 90.774438 -0.051934 -0.101666 -0.376187 0.919484
14.400000 -2.832045 27.912927 91.635092 -0.051709 -0.101308 -0.377057 0.919180
14.500000 -2.428795 28.175316 92.511757 -0.051883 -0.100043 -0.377651 0.919064
14.600000 -1.965351 28.448244 93.354805 -0.051015 -0.099523 -0.378535 0.918806
14.700000 -1.557552 28.694143 94.234142 -0.052061 -0.098365 -0.378617 0.918838
14.800000 -1.157905 29.017256 95.091977 -0.052208 -0.096000 -0.377498 0.919540
14.900000 -0.692959 29.288231 95.934828 -0.053272 -0.095461 -0.375477 0.920362
15.000000 -0.289560 29.647928 96.776188 -0.052926 -0.094044 -0.376234 0.920219
15.100000 0.221376 29.940138 97.584617 -0.053827 -0.093239 -0.374194 0.921080
15.200000 0.588119 30.279264 98.450927 -0.056005 -0.091149 -0.373455 0.921459
15.300000 1.053093 30.656834 99.251701 -0.056018 -0.090439 -0.371587 0.922283
15.400000 1.456144 30.989858 100.104136 -0.057924 -0.090530 -0.368394 0.923436
15.500000 1.872471 31.282722 100.964893 -0.060988 -0.091168 -0.364528 0.924710
15.600000 2.226207 31.655641 101.822682 -0.061469 -0.090915 -0.361360 0.925945
15.700000 2.585188 31.889067 102.726366 -0.064048 -0.092857 -0.356635 0.927409
15.800000 2.817844 32.143902 103.664945 -0.067146 -0.093623 -0.352288 0.928773
15.900000 3.084899 32.434741 104.583691 -0.067704 -0.093301 -0.348526 0.930183
16.000000 3.344710 32.627908 105.529833 -0.071331 -0.094291 -0.342640 0.931997
16.100000 3.590814 32.934392 106.449345 -0.072611 -0.094027 -0.336090 0.934307
16.200000 3.799182 33.290308 107.360336 -0.072940 -0.092292 -0.330172 0.936562
16.300000 4.026002 33.662999 108.260144 -0.072930 -0.092636 -0.322462 0.939211
16.400000 4.252279 33.926463 109.197900 -0.076063 -0.094333 -0.313555 0.941806
16.500000 4.507806 34.206885 110.123140 -0.078802 -0.095496 -0.304555 0.944413
16.600000 4.818466 34.433426 111.046270 -0.082309 -0.098739 -0.294128 0.947082
16.700000 5.050482 34.687527 111.985207 -0.086291 -0.098479 -0.285096 0.949513
16.800000 5.385356 34.932056 112.895187 -0.089660 -0.100091 -0.275484 0.951867
16.900000 5.813072 35.222025 113.751328 -0.092456 -0.102735 -0.264941 0.954308
17.000000 6.244902 35.544870 114.593524 -0.095328 -0.104260 -0.254673 0.956653
17.100000 6.710157 35.844096 115.426592 -0.098823 -0.107089 -0.241969 0.959279
17.200000 7.165467 36.226326 116.230701 -0.101812 -0.109681 -0.231949 0.961147
17.300000 7.560454 36.652379 117.044620 -0.105405 -0.111144 -0.219887 0.963424
17.400000 7.964145 37.137239 117.820471 -0.107564 -0.113934 -0.208654 0.965356
17.500000 8.357428 37.680810 118.561996 -0.109686 -0.116614 -0.196649 0.967316
17.600000 8.674391 38.221756 119.341041 -0.112505 -0.118773 -0.185946 0.968844
17.700000 8.920139 38.820441 120.103396 -0.115305 -0.119971 -0.174323 0.970527
17.800000 9.152243 39.430928 120.860650 -0.117793 -0.121876 -0.163566 0.971863
17.900000 9.327322 40.018368 121.650752 -0.121727 -0.122694 -0.152969 0.973000
18.000000 9.545641 40.658579 122.387276 -0.123687 -0.125114 -0.142610 0.974018
18.100000 9.645656 41.338124 123.114060 -0.125096 -0.126185 -0.133154 0.975038
18.200000 9.804137 42.013124 123.834656 -0.125956 -0.128275 -0.123038 0.975983
18.300000 9.804044 42.721523 124.540468 -0.128646 -0.128305 -0.112266 0.976926
18.400000 9.880696 43.421131 125.250872 -0.129569 -0.130176 -0.104035 0.977468
18.500000 9.921032 44.147914 125.936554 -0.130368 -0.131042 -0.096689 0.978000
18.600000 9.888177 44.872707 126.624736 -0.131682 -0.131151 -0.089166 0.978524
18.700000 9.890705 45.610053 127.300246 -0.132279 -0.131955 -0.084302 0.978766
18.800000 9.799986 46.323876 127.994672 -0.134131 -0.130588 -0.078705 0.979164
18.900000 9.758074 47.072212 128.656667 -0.134864 -0.130150 -0.074096 0.979481
19.000000 9.652377 47.804099 129.329845 -0.135516 -0.128916 -0.073347 0.979610
19.100000 9.646701 48.550081 129.995787 -0.135533 -0.128847 -0.071362 0.979764
19.200000 9.705054 49.272594 130.684678 -0.136303 -0.130036 -0.069763 0.979615
19.300000 9.697710 49.992996 131.378195 -0.136047 -0.129398 -0.070986 0.979647
19.400000 9.714526 50.704938 132.080233 -0.135304 -0.129346 -0.074463 0.979499
19.500000 9.742886 51.367361 132.828825 -0.134814 -0.127678 -0.079216 0.979412
19.600000 9.752503 52.137433 133.466709 -0.132177 -0.125977 -0.082590 0.979713
19.700000 9.745697 52.860874 134.157062 -0.130670 -0.123584 -0.089556 0.979608
19.800000 9.819694 53.562913 134.865346 -0.128804 -0.121522 -0.098494 0.979255
19.900000 9.844961 54.171426 135.658488 -0.127819 -0.117820 -0.110541 0.978551
20.000000 9.962432 54.870243 136.364076 -0.124984 -0.114538 -0.123533 0.977752
20.100000 10.154481 55.535330 137.085724 -0.121961 -0.111388 -0.139583 0.976337
20.200000 10.374301 56.141427 137.850137 -0.118883 -0.107413 -0.156703 0.974563
20.300000 10.577418 56.771445 138.599684 -0.115109 -0.102757 -0.174331 0.972522
20.400000 10.908523 57.255048 139.409929 -0.111961 -0.098220 -0.192280 0.969972
20.500000 11.249201 57.746645 140.211347 -0.108294 -0.093560 -0.211621 0.966817
20.600000 11.562441 58.151290 141.070499 -0.105246 -0.088460 -0.229899 0.963455
20.700000 11.970677 58.547510 141.892907 -0.101529 -0.083187 -0.249918 0.959329
20.800000 12.434961 58.902174 142.704481 -0.097437 -0.078317 -0.269144 0.954952
20.900000 12.954627 59.186276 143.510231 -0.093433 -0.073449 -0.288782 0.949990
21.000000 13.516367 59.433497 144.299744 -0.088832 -0.068981 -0.306349 0.945252
21.100000 14.069017 59.641808 145.106704 -0.084462 -0.064358 -0.323261 0.940333
21.200000 14.658925 59.748102 145.907147 -0.080717 -0.060075 -0.339347 0.935264
21.300000 15.240072 59.751641 146.720939 -0.077613 -0.055986 -0.353781 0.930420
21.400000 15.877334 59.613685 147.479137 -0.074513 -0.052619 -0.365950 0.926153
21.500000 15.708656 58.937963 146.761538 -0.071676 -0.049394 -0.376435 0.922344
21.600000 15.273100 58.696261 145.894434 -0.069710 -0.047174 -0.384474 0.919291
21.700000 14.801726 58.502595 145.034027 -0.069131 -0.045395 -0.387687 0.918073
21.800000 14.222759 58.360671 144.231123 -0.069427 -0.043568 -0.388944 0.917608
21.900000 13.692132 58.269802 143.388402 -0.069069 -0.043017 -0.389654 0.917360
22.000000 13.168671 58.203269 142.538954 -0.067845 -0.043866 -0.389506 0.917474
22.100000 12.650772 58.096128 141.690248 -0.069391 -0.045254 -0.382201 0.920358
22.200000 12.068408 57.959790 140.888834 -0.071797 -0.047091 -0.371516 0.924448
22.300000 11.502587 57.792081 140.081543 -0.074243 -0.049590 -0.357766 0.929533
22.400000 10.995686 57.550902 139.253965 -0.077449 -0.053345 -0.342113 0.934941
22.500000 10.412619 57.280845 138.487739 -0.081699 -0.056361 -0.324284 0.940738
22.600000 9.921272 56.925211 137.692691 -0.084839 -0.060833 -0.302530 0.947406
22.700000 9.441535 56.566714 136.891859 -0.088647 -0.065294 -0.279949 0.953681
22.800000 8.994971 56.125157 136.113650 -0.092652 -0.069730 -0.255503 0.959829
22.900000 8.561567 55.609639 135.374460 -0.096359 -0.074230 -0.230891 0.965347
23.000000 8.158347 55.047230 134.652581 -0.101069 -0.079001 -0.204669 0.970389
23.100000 7.914353 54.437267 133.898649 -0.104877 -0.084169 -0.178365 0.974732
23.200000 7.747968 53.792298 133.152774 -0.108634 -0.089621 -0.151036 0.978445
23.300000 7.738542 53.129048 132.404435 -0.112633 -0.096201 -0.123406 0.981239
23.400000 7.657891 52.410060 131.714107 -0.116594 -0.100206 -0.098726 0.983167
23.500000 7.758840 51.686282 131.031499 -0.119737 -0.104726 -0.074724 0.984435
23.600000 7.753777 50.859733 130.468657 -0.123340 -0.108032 -0.053403 0.985020
23.700000 7.864571 50.062285 129.875528 -0.126636 -0.111179 -0.034461 0.985096
23.800000 8.077738 49.343985 129.213256 -0.129104 -0.113963 -0.016694 0.984919
23.900000 8.142446 48.713712 128.439584 -0.130360 -0.114992 -0.002761 0.984772
24.000000 8.425574 47.984253 127.816905 -0.132146 -0.116573 0.008958 0.984311
24.100000 8.661822 47.261542 127.167385 -0.132594 -0.116600 0.016393 0.984152
24.200000 8.968329 46.499108 126.597519 -0.133415 -0.116266 0.019235 0.984029
24.300000 9.112668 45.897421 125.811937 -0.132851 -0.114428 0.018406 0.984336
24.400000 9.212255 45.194000 125.108175 -0.132983 -0.112727 0.017245 0.984536
24.500000 9.694467 44.465333 124.621847 -0.133766 -0.112645 0.015705 0.984465
24.700000 10.039206 43.790386 123.969465 -0.133759 -0.111170 0.006394 0.984738
24.800000 10.224331 42.922057 123.509320 -0.134764 -0.109457 -0.005716 0.984797
24.900000 10.590203 42.129471 123.021524 -0.134879 -0.108090 -0.017894 0.984786
25.000000 10.972294 41.512443 122.333568 -0.133747 -0.106760 -0.031808 0.984735
25.100000 11.198808 40.812522 121.656219 -0.132268 -0.104618 -0.047096 0.984552
25.300000 11.318046 40.107118 120.957515 -0.130876 -0.102668 -0.065095 0.983917
25.400000 11.356482 39.619104 120.085526 -0.128689 -0.100660 -0.083398 0.983032
25.600000 11.356101 38.985062 119.312227 -0.127016 -0.099742 -0.102938 0.981490
25.700000 11.450339 38.277518 118.611870 -0.125735 -0.099781 -0.121900 0.979477
25.800000 11.235181 37.998220 117.676082 -0.122418 -0.098145 -0.140908 0.977510
25.900000 11.185937 37.777048 116.702091 -0.119243 -0.098629 -0.159411 0.975008
26.000000 11.165015 37.193939 115.889966 -0.117752 -0.099811 -0.176873 0.972054
26.100000 10.981351 36.611527 115.098093 -0.115999 -0.101066 -0.194566 0.968749
26.200000 10.847365 35.996070 114.321394 -0.114677 -0.103432 -0.209647 0.965505
26.300000 10.539927 35.374428 113.600948 -0.113979 -0.105375 -0.224657 0.961995
26.400000 10.226572 35.023272 112.718623 -0.112683 -0.107798 -0.238213 0.958612
26.500000 9.978461 34.954225 111.752355 -0.110627 -0.109932 -0.251403 0.955235
26.600000 9.751446 34.617302 110.838601 -0.109879 -0.113240 -0.263536 0.951657
26.700000 9.530347 34.048210 110.046610 -0.110231 -0.116850 -0.274055 0.948203
26.800000 9.130591 33.714410 109.192928 -0.110048 -0.119787 -0.284307 0.944833
26.900000 8.855360 33.198191 108.381900 -0.110954 -0.122426 -0.293927 0.941439
27.000000 8.718919 32.982171 107.415091 -0.110850 -0.126054 -0.300701 0.938830
27.100000 8.445530 32.746436 106.482521 -0.111358 -0.128454 -0.304256 0.937298
27.200000 8.226578 32.110799 105.742233 -0.113728 -0.131473 -0.301005 0.937644
27.300000 7.905394 31.608525 104.939388 -0.115537 -0.133315 -0.299338 0.937697
27.400000 7.860299 31.432618 103.956014 -0.116422 -0.135482 -0.297906 0.937733
27.500000 7.505131 30.872071 103.207921 -0.117937 -0.136482 -0.297348 0.937575
27.600000 7.312106 30.478648 102.309056 -0.119051 -0.138103 -0.295866 0.937666
27.800000 6.879539 30.376851 101.413219 -0.118562 -0.138237 -0.295762 0.937741
28.600000 6.311492 31.065573 101.863758 -0.118107 -0.133588 -0.281000 0.942997
28.800000 6.525056 30.472845 101.087185 -0.116867 -0.127913 -0.265071 0.948535
29.200000 6.219666 29.927431 100.306634 -0.116917 -0.121499 -0.247764 0.954034
29.300000 6.113717 30.637236 101.003018 -0.116624 -0.115656 -0.230430 0.959127
29.400000 5.792775 30.112323 100.214690 -0.116635 -0.109520 -0.213545 0.963743
29.500000 5.503358 29.381715 99.596265 -0.117391 -0.103134 -0.197656 0.967737
29.600000 5.682863 28.975479 98.700301 -0.116716 -0.097719 -0.182785 0.971297
29.700000 5.456526 28.147961 98.186505 -0.118078 -0.092073 -0.168489 0.974265
29.800000 5.173528 27.363068 97.635276 -0.119621 -0.086892 -0.155642 0.976686
29.900000 4.817925 26.573964 97.134414 -0.121648 -0.081894 -0.143778 0.978684
30.000000 4.295685 26.010918 96.493910 -0.123465 -0.077254 -0.133612 0.980274
30.100000 4.169465 25.367449 95.738917 -0.124527 -0.075629 -0.135069 0.980066
30.200000 3.910547 24.749367 94.996666 -0.126422 -0.074316 -0.137236 0.979623
30.300000 3.911685 24.068150 94.264586 -0.127384 -0.074707 -0.137713 0.979401
30.400000 3.794394 23.483641 93.461720 -0.128876 -0.073851 -0.139554 0.979011
30.500000 3.554070 22.756870 92.818255 -0.131359 -0.073852 -0.140282 0.978576
30.600000 3.422599 22.004560 92.172697 -0.133796 -0.074385 -0.140634 0.978155
30.700000 2.592501 21.678533 91.720322 -0.133494 -0.071388 -0.140980 0.978370
30.800000 2.427985 20.942488 91.063685 -0.133468 -0.072210 -0.139698 0.978497
30.900000 2.324876 20.219286 90.380789 -0.133142 -0.073610 -0.138951 0.978543
31.000000 2.236107 19.415320 89.792775 -0.133091 -0.075642 -0.137621 0.978583
31.100000 2.157511 18.738678 89.060670 -0.132509 -0.077710 -0.135770 0.978759
31.200000 2.179455 18.013122 88.372857 -0.132364 -0.080661 -0.134686 0.978690
31.300000 2.074566 17.331617 87.648599 -0.132116 -0.083239 -0.132216 0.978844
31.400000 2.076948 16.641643 86.924769 -0.130957 -0.087041 -0.129226 0.979068
31.500000 2.108214 15.954977 86.198469 -0.129835 -0.090800 -0.126796 0.979194
31.600000 2.344473 15.310788 85.471005 -0.128954 -0.095415 -0.124128 0.979213
31.700000 2.322183 14.641588 84.728258 -0.127798 -0.099590 -0.120913 0.979352
31.800000 2.284279 13.950666 84.006323 -0.127172 -0.103848 -0.117124 0.979451
