# timestamp tx ty tz qx qy qz qw (Pre-BA)
0.000000 0.000000 0.000000 0.000000 0.000000 0.000000 0.000000 1.000000
0.100000 -0.020381 -0.517525 0.855425 -0.002037 -0.006402 0.009234 0.999935
0.200000 0.686733 -0.869205 1.468868 -0.005232 -0.013556 0.020375 0.999687
0.300000 1.551784 -0.915645 1.968396 -0.006460 -0.018735 0.031454 0.999309
0.400000 2.502493 -0.884220 2.276887 -0.008609 -0.024595 0.043837 0.998699
0.500000 3.417824 -0.761569 2.660457 -0.010433 -0.033250 0.056797 0.997777
0.600000 4.313299 -0.705479 3.102020 -0.013760 -0.041593 0.069510 0.996619
0.700000 5.163641 -0.400438 3.530818 -0.015815 -0.051031 0.084256 0.995011
0.800000 6.063677 -0.124901 3.868478 -0.017861 -0.061700 0.097871 0.993124
0.900000 6.799029 0.368164 4.333391 -0.018935 -0.070076 0.111894 0.991065
1.000000 7.531953 0.789046 4.867882 -0.021624 -0.076408 0.124503 0.989037
1.100000 8.328294 1.385751 4.966798 -0.024140 -0.083245 0.137337 0.986725
1.200000 8.746000 2.203105 5.363604 -0.023643 -0.090277 0.150018 0.984269
1.300000 8.089592 1.656346 5.883395 -0.027087 -0.093854 0.160032 0.982266
1.400000 8.392999 2.143613 6.702245 -0.029047 -0.099077 0.169888 0.980040
1.700000 8.987951 2.612046 6.049097 -0.030600 -0.101130 0.170078 0.979750
1.800000 9.140921 2.312303 6.990773 -0.032329 -0.103370 0.170077 0.979461
2.100000 9.180139 2.697569 7.912745 -0.032886 -0.101041 0.164691 0.980605
2.200000 9.773629 3.394498 8.315311 -0.030777 -0.100154 0.156298 0.982137
2.300000 10.145246 3.991323 9.026438 -0.029458 -0.096745 0.146039 0.984096
2.400000 10.583986 4.513968 9.757430 -0.028027 -0.092376 0.134086 0.986257
2.500000 10.883468 4.933020 10.614580 -0.026329 -0.086829 0.121575 0.988427
2.600000 11.368253 5.458772 11.313556 -0.023635 -0.081353 0.106826 0.990662
2.700000 11.898103 5.955573 12.000905 -0.019885 -0.075787 0.091347 0.992732
2.800000 12.646988 6.437516 12.455770 -0.015098 -0.071962 0.074403 0.994514
2.900000 13.219734 6.668683 13.242232 -0.011694 -0.065415 0.057449 0.996134
3.000000 13.786516 6.710850 14.065020 -0.008075 -0.058454 0.037711 0.997545
3.100000 14.354434 6.796321 14.883656 -0.004037 -0.052034 0.020406 0.998429
3.200000 14.837561 6.616638 15.740570 -0.001209 -0.045624 0.003619 0.998951
3.300000 15.236595 6.428798 16.638060 0.002592 -0.039864 -0.012964 0.999118
3.400000 15.476202 6.133767 17.563017 0.006769 -0.032643 -0.029458 0.999010
3.500000 15.799965 5.710768 18.409332 0.010377 -0.026597 -0.044548 0.998599
3.600000 15.990675 5.314647 19.307507 0.014252 -0.020745 -0.058474 0.997972
3.700000 16.145720 4.859652 20.184399 0.017642 -0.015570 -0.070231 0.997253
3.800000 16.346072 4.524907 21.105163 0.022474 -0.011498 -0.079807 0.996491
3.900000 16.504078 4.046677 21.969067 0.026143 -0.008543 -0.088506 0.995696
4.000000 16.678205 3.557486 22.823684 0.029329 -0.007278 -0.094791 0.995038
4.100000 16.893125 3.144837 23.708857 0.032284 -0.007827 -0.096130 0.994814
4.200000 17.103648 2.718967 24.588809 0.035611 -0.008759 -0.097154 0.994594
4.300000 17.416424 2.334145 25.457188 0.039128 -0.012620 -0.097210 0.994414
4.400000 17.451558 1.970564 26.388088 0.040974 -0.014806 -0.093773 0.994640
4.500000 17.414361 1.777620 27.368592 0.042539 -0.019814 -0.086674 0.995131
4.600000 17.342609 1.633698 28.355577 0.044401 -0.026552 -0.079031 0.995529
4.700000 17.073820 1.445520 29.300215 0.044999 -0.032086 -0.069941 0.996019
4.800000 16.769920 1.232665 30.228837 0.044708 -0.038683 -0.059431 0.996480
4.900000 16.422981 1.025400 31.143536 0.044607 -0.045889 -0.047840 0.996803
5.000000 16.031934 0.800166 32.035921 0.043439 -0.053133 -0.036005 0.996992
5.100000 15.694985 0.646809 32.964871 0.043377 -0.062295 -0.022090 0.996870
5.200000 15.394919 0.438928 33.895862 0.042834 -0.073154 -0.007955 0.996369
5.300000 15.089330 0.224712 34.823616 0.041464 -0.083650 0.007018 0.995607
5.400000 14.852272 0.119394 35.789386 0.041805 -0.095701 0.022736 0.994272
5.500000 14.555381 -0.162399 36.701772 0.038158 -0.103801 0.038184 0.993132
5.600000 14.386550 -0.401344 37.658016 0.034496 -0.114342 0.052945 0.991430
5.700000 14.411257 -0.614225 38.634781 0.030695 -0.126877 0.067089 0.989171
5.800000 14.435600 -0.563592 39.633202 0.028150 -0.138564 0.081714 0.986575
5.900000 14.563314 -0.480852 40.621556 0.023906 -0.151484 0.095803 0.983515
6.000000 14.615293 -0.247043 41.592448 0.020025 -0.163992 0.109038 0.980212
6.100000 14.573834 -0.001394 42.560920 0.014920 -0.175793 0.120198 0.976948
6.200000 14.386968 0.263681 43.506867 0.009074 -0.186598 0.130269 0.973719
6.300000 14.035292 0.604441 44.378765 0.005725 -0.198550 0.139402 0.970109
6.400000 13.475507 0.911484 45.148418 0.001414 -0.211089 0.148838 0.966068
6.500000 12.735554 1.115434 45.789413 -0.002920 -0.221514 0.147334 0.963958
6.600000 11.983920 1.371015 46.397462 -0.006306 -0.232900 0.146697 0.961352
6.700000 11.226216 1.564362 47.020762 -0.010116 -0.245507 0.146151 0.958261
6.800000 10.458162 1.666731 47.652911 -0.015125 -0.255738 0.145545 0.955608
6.900000 9.705817 1.732322 48.308407 -0.020345 -0.265413 0.144627 0.953009
7.000000 9.077727 1.727877 49.086535 -0.026459 -0.276133 0.144663 0.949802
7.100000 8.485149 1.671131 49.890047 -0.032267 -0.285356 0.143729 0.947034
7.200000 7.936375 1.545718 50.716557 -0.039811 -0.293780 0.142076 0.944417
7.300000 7.378213 1.538008 51.546253 -0.044652 -0.302557 0.141584 0.941498
7.400000 6.756938 1.475874 52.327379 -0.051366 -0.307831 0.140784 0.939564
7.500000 6.050839 1.491799 53.035313 -0.056870 -0.311040 0.139682 0.938354
7.600000 5.349980 1.580172 53.743116 -0.061433 -0.315721 0.138401 0.936692
7.700000 4.565075 1.548273 54.361912 -0.068081 -0.318024 0.135761 0.935839
7.800000 3.711803 1.601602 54.880644 -0.073762 -0.318058 0.131452 0.936012
7.900000 2.840820 1.594810 55.371910 -0.079963 -0.317493 0.127510 0.936240
8.000000 1.935819 1.719795 55.778544 -0.084631 -0.316347 0.124393 0.936637
8.100000 0.990268 1.749191 56.102688 -0.086837 -0.314529 0.111034 0.938724
8.200000 0.024891 1.751229 56.363537 -0.088640 -0.311969 0.097539 0.940906
8.300000 -0.964446 1.672438 56.486029 -0.090767 -0.307616 0.081659 0.943645
8.400000 -1.960889 1.604131 56.535395 -0.092732 -0.302372 0.064617 0.946465
8.500000 -2.957836 1.531196 56.563247 -0.094643 -0.296578 0.046019 0.949192
8.600000 -3.954883 1.510269 56.637133 -0.095746 -0.290799 0.026703 0.951607
8.700000 -4.924300 1.506793 56.391737 -0.095558 -0.280046 0.006581 0.955196
8.800000 -5.914374 1.645036 56.366381 -0.094742 -0.270169 -0.013410 0.958046
8.900000 -6.910609 1.712284 56.421089 -0.095969 -0.259153 -0.035089 0.960416
9.000000 -7.884159 1.932369 56.482442 -0.094909 -0.249903 -0.056300 0.961962
9.100000 -8.848833 2.191235 56.531349 -0.093514 -0.239829 -0.077788 0.963165
9.200000 -9.789568 2.507385 56.654091 -0.092325 -0.228523 -0.098618 0.964120
9.300000 -10.628266 2.943945 56.979669 -0.090584 -0.218055 -0.120238 0.964256
9.400000 -11.344988 3.511821 57.384425 -0.088734 -0.207380 -0.141199 0.963941
9.500000 -11.770649 4.077487 58.090707 -0.087413 -0.199144 -0.161029 0.962689
9.600000 -12.198356 4.750922 58.693660 -0.085152 -0.189572 -0.180116 0.961442
9.700000 -12.727094 5.354518 59.290408 -0.083716 -0.179076 -0.198954 0.959865
9.800000 -13.137173 6.145731 59.744080 -0.080441 -0.168909 -0.217155 0.958041
9.900000 -13.622261 6.914876 60.160139 -0.078450 -0.158556 -0.234320 0.955929
10.000000 -13.897652 7.629948 60.802659 -0.076181 -0.150135 -0.249520 0.953622
10.100000 -14.089287 8.375248 61.441254 -0.074334 -0.142609 -0.264020 0.951016
10.200000 -14.309968 9.092884 62.101783 -0.072849 -0.134903 -0.277386 0.948447
10.300000 -14.497584 9.903248 62.656860 -0.070707 -0.128220 -0.289757 0.945833
10.400000 -14.691167 10.819716 63.007021 -0.067911 -0.121688 -0.301302 0.943290
10.500000 -14.791369 11.606963 63.615463 -0.066258 -0.116500 -0.312169 0.940526
10.600000 -14.816367 12.292325 64.343235 -0.064940 -0.112160 -0.321005 0.938168
10.700000 -14.849493 12.998774 65.050224 -0.063695 -0.107992 -0.328997 0.935971
10.800000 -14.863958 13.713602 65.749375 -0.061140 -0.104920 -0.335728 0.934099
10.900000 -14.803217 14.455986 66.416591 -0.058541 -0.103108 -0.342759 0.931911
11.000000 -14.710796 15.227134 67.046502 -0.056264 -0.101823 -0.350313 0.929380
11.100000 -14.614002 15.987420 67.688839 -0.054272 -0.100674 -0.356322 0.927337
11.200000 -14.506844 16.769418 68.302839 -0.051393 -0.099230 -0.361358 0.925707
11.300000 -14.449861 17.577701 68.888869 -0.049881 -0.098340 -0.365350 0.924316
11.400000 -14.336170 18.058605 69.758240 -0.050220 -0.097885 -0.367702 0.923413
11.500000 -14.180170 18.620248 70.570780 -0.049770 -0.097946 -0.371151 0.922050
11.600000 -14.032082 19.339271 71.249806 -0.049160 -0.097819 -0.373785 0.921032
11.700000 -13.859091 20.059083 71.922074 -0.049425 -0.098243 -0.376219 0.919981
11.800000 -13.752846 20.670685 72.706074 -0.049741 -0.098217 -0.377517 0.919435
11.900000 -13.594486 21.185644 73.548534 -0.050696 -0.099130 -0.379033 0.918661
12.000000 -13.470193 21.884736 74.252679 -0.050496 -0.099247 -0.379730 0.918371
12.100000 -13.352558 22.425704 75.085455 -0.050759 -0.100588 -0.378632 0.918664
12.200000 -13.175367 22.859849 75.968700 -0.051417 -0.103316 -0.376570 0.919172
12.300000 -13.038026 23.458148 76.758115 -0.051147 -0.105036 -0.375580 0.919397
12.400000 -12.857065 24.098941 77.504196 -0.050361 -0.106146 -0.376609 0.918892
12.500000 -12.688552 24.713547 78.274822 -0.049048 -0.107030 -0.374963 0.919533
12.600000 -12.442468 25.125123 79.152345 -0.049366 -0.109868 -0.373003 0.919979
12.700000 -12.249219 25.596866 80.012643 -0.048485 -0.110846 -0.373197 0.919829
12.800000 -11.967781 25.861820 80.934919 -0.050252 -0.112813 -0.372348 0.919839
12.900000 -11.694979 26.216915 81.829059 -0.049915 -0.114235 -0.371278 0.920115
13.000000 -11.339698 26.524474 82.711772 -0.049553 -0.116555 -0.369265 0.920654
13.100000 -10.973450 26.803181 83.599570 -0.049037 -0.118863 -0.368402 0.920732
13.200000 -10.636317 27.071044 84.502117 -0.048783 -0.120265 -0.368142 0.920667
13.300000 -10.275373 27.329515 85.398170 -0.048470 -0.122953 -0.367317 0.920658
13.400000 -9.790374 27.655961 86.209471 -0.047268 -0.124713 -0.364615 0.921558
13.500000 -9.492648 27.947083 87.118651 -0.047090 -0.124693 -0.363480 0.922018
13.600000 -9.081999 28.226150 87.986688 -0.046481 -0.125980 -0.362790 0.922145
13.700000 -8.743952 28.447198 88.901490 -0.045857 -0.126135 -0.363467 0.921889
13.800000 -8.379961 28.693939 89.799615 -0.045702 -0.126938 -0.362602 0.922127
13.900000 -8.069058 28.963710 90.710968 -0.045416 -0.126971 -0.362910 0.922015
14.000000 -7.731063 29.198027 91.622480 -0.045921 -0.126666 -0.363717 0.921714
14.100000 -7.361975 29.492256 92.504071 -0.044770 -0.126632 -0.362699 0.922176
14.200000 -6.981516 29.770301 93.386082 -0.044522 -0.125882 -0.361681 0.922691
14.300000 -6.627589 30.048764 94.278939 -0.044574 -0.124628 -0.362016 0.922727
14.400000 -6.302434 30.297070 95.191418 -0.044596 -0.122625 -0.363740 0.922316
14.500000 -5.894704 30.560050 96.065831 -0.044881 -0.122276 -0.363593 0.922407
14.600000 -5.625585 30.811513 96.995531 -0.046179 -0.119826 -0.365354 0.921969
14.700000 -5.247926 31.073470 97.883648 -0.046817 -0.118824 -0.366251 0.921710
14.800000 -4.965595 31.352536 98.801478 -0.048904 -0.115394 -0.368116 0.921295
14.900000 -4.578918 31.658348 99.671512 -0.049382 -0.114253 -0.368255 0.921356
15.000000 -4.202064 32.034174 100.518115 -0.049548 -0.111868 -0.365942 0.922560
15.100000 -3.782321 32.383068 101.356022 -0.050202 -0.110697 -0.365695 0.922764
15.200000 -3.437003 32.820654 102.186247 -0.049270 -0.107718 -0.367456 0.922467
15.300000 -3.050347 33.199056 103.027264 -0.050731 -0.106147 -0.362693 0.924453
15.400000 -2.637413 33.637724 103.825421 -0.050402 -0.105132 -0.360351 0.925502
15.500000 -2.247615 34.019324 104.663538 -0.050487 -0.105088 -0.356668 0.926928
15.600000 -1.903046 34.392810 105.524805 -0.050543 -0.104892 -0.353138 0.928298
15.700000 -1.641615 34.722086 106.432126 -0.051232 -0.104567 -0.349872 0.929532
15.800000 -1.400727 34.955260 107.374252 -0.053434 -0.105480 -0.345929 0.930780
15.900000 -1.169046 35.229878 108.307477 -0.054364 -0.105947 -0.341328 0.932371
16.000000 -0.931409 35.504147 109.239306 -0.055722 -0.106439 -0.335499 0.934348
16.100000 -0.811113 35.815403 110.181988 -0.057652 -0.103360 -0.329819 0.936596
16.200000 -0.599564 36.062294 111.127658 -0.060283 -0.104203 -0.322326 0.938943
16.300000 -0.387913 36.339604 112.064836 -0.062522 -0.105437 -0.313532 0.941632
16.400000 -0.156482 36.628118 112.993921 -0.064587 -0.106967 -0.304282 0.944351
16.500000 0.058629 36.911798 113.928401 -0.067047 -0.108401 -0.295123 0.946919
16.600000 0.283636 37.102852 114.883844 -0.070938 -0.110437 -0.286197 0.949138
16.700000 0.569175 37.317058 115.817965 -0.074799 -0.113239 -0.276351 0.951426
16.800000 0.908814 37.659866 116.693824 -0.076444 -0.115405 -0.266735 0.953777
16.900000 1.373988 37.952238 117.529367 -0.078830 -0.119519 -0.255143 0.956244
17.000000 1.794523 38.205468 118.400587 -0.082841 -0.122671 -0.243788 0.958466
17.100000 2.248757 38.469916 119.251315 -0.087012 -0.125260 -0.230945 0.960939
17.200000 2.689520 38.860347 120.059580 -0.089874 -0.127978 -0.219779 0.962934
17.300000 3.132985 39.224179 120.878705 -0.093411 -0.132260 -0.207079 0.964832
17.400000 3.453324 39.648627 121.725597 -0.097198 -0.134291 -0.195563 0.966578
17.500000 3.768336 40.185539 122.508217 -0.099188 -0.136786 -0.183635 0.968364
17.600000 3.993614 40.719672 123.323049 -0.102706 -0.138336 -0.172332 0.969854
17.700000 4.336039 41.262529 124.089894 -0.104858 -0.143454 -0.160961 0.970833
17.800000 4.613663 41.825120 124.868621 -0.107708 -0.146318 -0.150086 0.971836
17.900000 4.802649 42.404866 125.661199 -0.111101 -0.148479 -0.139822 0.972656
18.000000 5.002381 42.985952 126.450151 -0.113599 -0.152244 -0.130571 0.973072
18.100000 5.113674 43.621852 127.213856 -0.115304 -0.154095 -0.121381 0.973769
18.200000 5.168645 44.310292 127.937063 -0.117037 -0.155608 -0.111270 0.974529
18.300000 5.178554 44.958468 128.698489 -0.119805 -0.156648 -0.102719 0.974965
18.400000 5.241830 45.675658 129.392489 -0.120425 -0.158933 -0.093743 0.975423
18.500000 5.140149 46.409944 130.063670 -0.122067 -0.158901 -0.085811 0.975954
18.600000 5.072778 47.121170 130.763397 -0.122735 -0.159075 -0.080259 0.976314
18.700000 5.023178 47.849895 131.446406 -0.123104 -0.159991 -0.074889 0.976545
18.800000 4.937137 48.598038 132.104341 -0.123709 -0.160198 -0.069537 0.976830
18.900000 4.848504 49.323352 132.787030 -0.124375 -0.159887 -0.064808 0.977122
19.000000 4.735753 50.028222 133.487348 -0.124869 -0.159718 -0.062403 0.977243
19.100000 4.628968 50.750643 134.170505 -0.124988 -0.159301 -0.061168 0.977374
19.200000 4.523968 51.486403 134.839560 -0.125212 -0.158980 -0.061400 0.977383
19.300000 4.460266 52.197468 135.539793 -0.125041 -0.158906 -0.061399 0.977417
19.400000 4.379151 52.951951 136.191082 -0.123682 -0.158055 -0.062837 0.977636
19.500000 4.346142 53.648253 136.908071 -0.122097 -0.157376 -0.067460 0.977637
19.600000 4.180451 54.322186 137.628044 -0.121586 -0.153929 -0.073791 0.977792
19.700000 4.223048 54.972593 138.386435 -0.120726 -0.153089 -0.079993 0.977543
19.800000 4.230891 55.695733 139.077091 -0.118184 -0.150832 -0.088150 0.977503
19.900000 4.347860 56.393112 139.784184 -0.115548 -0.148767 -0.097259 0.977271
20.000000 4.402551 57.098388 140.491005 -0.112319 -0.145521 -0.109485 0.976842
20.100000 4.554640 57.742786 141.240418 -0.108863 -0.142310 -0.123708 0.976009
20.200000 4.656118 58.391223 141.994892 -0.104964 -0.137398 -0.139815 0.974965
20.300000 4.860369 58.954908 142.795230 -0.101404 -0.132706 -0.159136 0.973027
20.400000 5.173943 59.542475 143.541177 -0.095748 -0.128441 -0.178648 0.970783
20.500000 5.472101 60.026322 144.363973 -0.092060 -0.124035 -0.197288 0.968100
20.600000 5.867808 60.463611 145.171558 -0.087349 -0.119597 -0.216077 0.965079
20.700000 6.148294 60.887953 146.032524 -0.082802 -0.113469 -0.236184 0.961502
20.800000 6.671956 61.193469 146.827784 -0.077874 -0.109278 -0.258122 0.956748
20.900000 7.072059 61.480929 147.698005 -0.073196 -0.103278 -0.278463 0.952068
21.000000 7.558563 61.695795 148.544850 -0.068835 -0.098450 -0.295566 0.947739
21.100000 8.080407 61.883202 149.377050 -0.064155 -0.094008 -0.311004 0.943569
21.200000 8.572902 61.969607 150.243066 -0.060570 -0.088999 -0.327120 0.938831
21.300000 9.074329 62.013299 151.107161 -0.056900 -0.084425 -0.341191 0.934464
21.400000 9.684526 61.811414 151.873256 -0.053784 -0.081236 -0.353647 0.930291
21.500000 9.571563 61.150459 151.131382 -0.050765 -0.077836 -0.363921 0.926783
21.600000 9.169441 60.952575 150.237436 -0.048475 -0.075078 -0.370899 0.924363
21.700000 8.639613 60.809715 149.401449 -0.047431 -0.072079 -0.373794 0.923490
21.800000 8.172631 60.704401 148.523476 -0.046308 -0.071245 -0.374032 0.923515
21.900000 7.683384 60.608899 147.656575 -0.045948 -0.070491 -0.374746 0.923301
22.000000 7.217489 60.492063 146.779483 -0.045877 -0.071121 -0.374515 0.923350
22.100000 6.758998 60.395960 145.895995 -0.047018 -0.072740 -0.366974 0.926190
22.200000 6.309617 60.276989 145.010612 -0.048169 -0.076027 -0.354074 0.930877
22.300000 5.819815 60.109346 144.155049 -0.050118 -0.079555 -0.339462 0.935908
22.400000 5.348078 59.894854 143.299796 -0.053269 -0.083464 -0.323101 0.941170
22.500000 4.896095 59.637748 142.445625 -0.056443 -0.088015 -0.302710 0.947330
22.600000 4.430357 59.264388 141.643322 -0.061976 -0.092642 -0.280210 0.953446
22.700000 4.052613 58.867459 140.806807 -0.066387 -0.098068 -0.256956 0.959140
22.800000 3.692779 58.464554 139.965269 -0.070698 -0.103093 -0.233595 0.964265
22.900000 3.435639 57.958965 139.141704 -0.075560 -0.109017 -0.208290 0.969031
23.000000 3.236319 57.429388 138.317192 -0.078926 -0.114426 -0.181730 0.973474
23.100000 3.132348 56.831568 137.522332 -0.083327 -0.120911 -0.153890 0.977116
23.200000 3.094618 56.212768 136.737690 -0.087498 -0.126422 -0.127935 0.979793
23.300000 3.093808 55.549496 135.989313 -0.092287 -0.132431 -0.100782 0.981727
23.400000 3.238350 54.893392 135.248614 -0.096444 -0.138465 -0.076391 0.982695
23.500000 3.360056 54.179464 134.559052 -0.100522 -0.143071 -0.052629 0.983187
23.600000 3.426386 53.532212 133.799667 -0.103618 -0.146200 -0.031496 0.983309
23.700000 3.542385 52.931908 133.008352 -0.106537 -0.149465 -0.012226 0.982935
23.800000 3.792801 52.219078 132.353246 -0.109441 -0.152343 0.005639 0.982234
23.900000 4.160317 51.550193 131.707085 -0.111710 -0.155175 0.021053 0.981325
24.000000 4.405704 50.707831 131.227280 -0.114812 -0.156446 0.031564 0.980483
24.100000 4.865060 50.061686 130.617781 -0.115326 -0.157703 0.040086 0.979910
24.200000 5.304580 49.424990 129.984189 -0.115717 -0.157922 0.044873 0.979621
24.300000 5.663732 48.842436 129.255051 -0.115221 -0.157453 0.044678 0.979764
24.400000 6.271317 48.398507 128.596441 -0.115012 -0.157378 0.044372 0.979814
24.500000 5.954934 49.053904 129.282266 -0.114911 -0.155715 0.041449 0.980219
24.600000 6.467234 48.543801 128.591366 -0.114475 -0.154350 0.034849 0.980743
24.700000 6.875362 48.085757 127.801666 -0.113223 -0.152836 0.025698 0.981408
24.800000 7.148654 47.392267 127.135045 -0.112614 -0.150588 0.015973 0.982032
24.900000 7.561136 46.747905 126.491107 -0.112014 -0.148625 0.003116 0.982524
25.100000 7.693817 46.023537 125.814581 -0.110322 -0.145918 -0.012767 0.983043
25.200000 7.605147 45.416239 125.025070 -0.108031 -0.142193 -0.030098 0.983466
25.300000 7.941078 44.845852 124.275531 -0.105470 -0.140533 -0.047120 0.983314
25.400000 7.873329 44.264135 123.464967 -0.103054 -0.137503 -0.066062 0.982908
25.500000 8.041804 43.504413 122.836923 -0.102004 -0.135788 -0.085922 0.981720
25.600000 8.065563 42.954364 122.002128 -0.098987 -0.133584 -0.105805 0.980389
25.700000 8.056060 42.719685 121.030102 -0.095390 -0.132088 -0.124986 0.978689
25.800000 7.952805 42.143403 120.219400 -0.092998 -0.131013 -0.143712 0.976491
25.900000 7.636271 41.580576 119.455835 -0.090409 -0.129619 -0.163594 0.973787
26.000000 7.457084 40.920017 118.726758 -0.088692 -0.129268 -0.182061 0.970710
26.100000 7.338255 40.339189 117.921451 -0.086515 -0.130248 -0.199579 0.967326
26.200000 7.194055 39.691905 117.172966 -0.085021 -0.131690 -0.215148 0.963919
26.300000 6.999814 39.174955 116.339280 -0.083721 -0.134044 -0.229023 0.960506
26.500000 6.686058 38.868905 115.440452 -0.082098 -0.136050 -0.242746 0.956987
26.700000 6.426253 38.428619 114.581005 -0.081513 -0.138918 -0.253350 0.953872
26.800000 6.460709 37.913366 113.724659 -0.081472 -0.142477 -0.263037 0.950723
26.900000 6.068395 37.621922 112.852220 -0.080594 -0.144803 -0.273644 0.947447
27.000000 6.419058 36.999377 112.152597 -0.081652 -0.150783 -0.279580 0.944686
27.200000 6.230340 36.560219 111.274232 -0.083491 -0.152688 -0.278391 0.944571
27.300000 6.219918 37.071915 112.133335 -0.084850 -0.155734 -0.275898 0.944684
27.400000 6.118420 36.599523 111.257810 -0.086290 -0.158122 -0.273506 0.944852
27.500000 5.957493 36.237207 110.339752 -0.087318 -0.159574 -0.272074 0.944927
27.600000 5.659246 35.800402 109.491077 -0.088363 -0.160157 -0.272023 0.944746
28.100000 5.583867 35.511001 108.536842 -0.089197 -0.158673 -0.262433 0.947626
28.200000 5.727851 36.033607 109.377170 -0.089084 -0.156042 -0.251451 0.951046
28.300000 5.741889 35.585112 108.483495 -0.088943 -0.152543 -0.239530 0.954696
28.800000 5.603517 35.126016 107.605951 -0.089067 -0.146879 -0.223175 0.959524
28.900000 5.985850 35.095310 108.529465 -0.087708 -0.141350 -0.207092 0.964075
29.000000 5.412912 34.817280 107.758464 -0.088053 -0.134605 -0.189998 0.968519
29.100000 5.697958 34.112084 107.109275 -0.088174 -0.128505 -0.172373 0.972625
29.300000 5.687204 33.429099 106.378922 -0.088498 -0.122920 -0.153838 0.976418
29.400000 6.074606 32.784739 105.719589 -0.088773 -0.116925 -0.137613 0.979546
29.600000 5.791194 32.237990 104.931717 -0.089945 -0.110293 -0.122116 0.982259
29.800000 5.929701 31.625088 104.153792 -0.090849 -0.106282 -0.109108 0.984147
29.900000 5.759019 30.883460 103.505058 -0.092925 -0.102774 -0.095406 0.985749
30.000000 5.448156 30.087879 102.985043 -0.095881 -0.098530 -0.085568 0.986801
30.100000 4.807477 29.726258 102.307725 -0.097017 -0.093782 -0.086516 0.987070
30.200000 4.816030 29.080979 101.543826 -0.098695 -0.092709 -0.087218 0.986943
30.300000 4.816483 28.492384 100.735398 -0.099815 -0.091024 -0.089140 0.986816
30.400000 4.823203 28.000171 99.864949 -0.101179 -0.090264 -0.088989 0.986760
30.500000 4.819499 27.326123 99.126271 -0.103590 -0.090602 -0.090043 0.986384
30.600000 4.759908 26.650350 98.391574 -0.105630 -0.091201 -0.090217 0.986096
30.700000 4.826938 26.037868 97.603937 -0.104945 -0.092328 -0.089216 0.986155
30.800000 4.698984 25.338413 96.900807 -0.104750 -0.093063 -0.088453 0.986176
30.900000 4.588782 24.649118 96.184757 -0.104531 -0.094249 -0.086991 0.986216
31.000000 4.617118 23.915986 95.505262 -0.104092 -0.096079 -0.085648 0.986204
31.100000 4.696404 23.312820 94.711596 -0.103148 -0.098583 -0.084345 0.986168
31.200000 4.518583 22.615990 94.016753 -0.102796 -0.100120 -0.083702 0.986105
31.300000 4.511283 21.888200 93.330991 -0.102133 -0.102913 -0.081480 0.986072
31.400000 4.282515 21.112976 92.742186 -0.102465 -0.105114 -0.079496 0.985968
31.500000 4.454097 20.507370 91.965139 -0.101351 -0.108717 -0.076311 0.985944
31.600000 4.484398 19.832967 91.227397 -0.100384 -0.112466 -0.073638 0.985826
31.700000 4.174467 19.173393 90.542631 -0.099541 -0.114778 -0.072059 0.985761
31.800000 4.395209 18.548074 89.794133 -0.098062 -0.119206 -0.068966 0.985605
